[{"id": 0, "img_name": "r_0", "width": 800, "height": 800, "position": [-0.05379832163453101, 3.8454704284667964, 1.2080823183059688], "rotation": [[-0.9999021887779235, -0.004192245192825794, 0.013345719315111635], [-0.013988681137561795, 0.2996590733528137, -0.95394366979599], [-4.6566128701121584e-10, -0.9540371894836427, -0.299688309431076]], "fy": 1111.1110311937682, "fx": 1111.1110311937682}, {"id": 1, "img_name": "r_1", "width": 800, "height": 800, "position": [-1.3986591100692747, 3.5542497634887695, 1.2888214588165285], "rotation": [[-0.9305422306060791, -0.11707554012537, 0.34696459770202637], [-0.36618456244468683, 0.29751041531562805, -0.8817007541656495], [7.450580601194881e-09, -0.9475130438804626, -0.31971722841262823]], "fy": 1111.1110311937682, "fx": 1111.1110311937682}, {"id": 2, "img_name": "r_2", "width": 800, "height": 800, "position": [-3.385493516921997, -1.6727094650268557, 1.4108426570892334], "rotation": [[0.44296362996101385, -0.31377720832824696, 0.8398374915122986], [-0.8965396881103517, -0.15503148734569552, 0.4149481058120728], [-2.3310177756236562e-17, -0.9367545843124389, -0.3499869406223297]], "fy": 1111.1110311937682, "fx": 1111.1110311937682}, {"id": 3, "img_name": "r_3", "width": 800, "height": 800, "position": [-1.246434569358826, -1.6370664834976196, 3.4664700031280518], "rotation": [[0.7956318259239197, -0.5209260582923889, 0.3092023432254792], [-0.6057805418968201, -0.6841840147972106, 0.40610620379447937], [-1.49011611758008e-08, -0.5104197859764099, -0.8599253892898561]], "fy": 1111.1110311937682, "fx": 1111.1110311937682}, {"id": 4, "img_name": "r_4", "width": 800, "height": 800, "position": [2.8865230083465576, 2.513216972351074, 1.2655931711196902], "rotation": [[-0.6566542387008668, 0.2367822825908661, -0.7160581946372986], [0.7541918158531189, 0.20615987479686737, -0.623452365398407], [-1.4901162969426297e-08, -0.9494377970695496, -0.31395500898361206]], "fy": 1111.1110311937682, "fx": 1111.1110311937682}, {"id": 5, "img_name": "r_5", "width": 800, "height": 800, "position": [-2.8906705379486084, 0.3545424342155457, 2.7871713638305664], "rotation": [[-0.12173833698034288, -0.686269521713257, 0.7170870900154114], [-0.992562174797058, 0.08417136222124098, -0.08795115351676942], [9.951582498225461e-18, -0.7224606275558472, -0.691412091255188]], "fy": 1111.1110311937682, "fx": 1111.1110311937682}, {"id": 6, "img_name": "r_6", "width": 800, "height": 800, "position": [2.232801914215088, -1.9462224245071416, 2.734376192092895], "rotation": [[0.6570732593536377, 0.5113321542739867, -0.5538899898529052], [0.7538267374038697, -0.4457028508186341, 0.48279836773872387], [-1.4901161081343974e-08, -0.734770953655243, -0.6783152222633363]], "fy": 1111.1110311937682, "fx": 1111.1110311937682}, {"id": 7, "img_name": "r_7", "width": 800, "height": 800, "position": [-0.12979382276535031, -0.27528816461563116, 4.019623279571533], "rotation": [[0.9045065641403198, -0.4252426624298096, 0.03219788148999214], [-0.42645993828773504, -0.9019248485565189, 0.06829058378934862], [-3.918615586490351e-18, -0.07550014555454256, -0.9971457123756409]], "fy": 1111.1110311937682, "fx": 1111.1110311937682}, {"id": 8, "img_name": "r_8", "width": 800, "height": 800, "position": [-3.7495899200439453, -0.607723593711853, 1.3495359420776367], "rotation": [[0.15998959541320804, -0.33046624064445496, 0.9301587939262389], [-0.9871187806129457, -0.05356109514832498, 0.15075767040252688], [6.45427290416562e-18, -0.9422966837882997, -0.33477866649627686]], "fy": 1111.1110311937682, "fx": 1111.1110311937682}, {"id": 9, "img_name": "r_9", "width": 800, "height": 800, "position": [-3.490292310714722, 0.8376882672309873, 1.8347038030624385], "rotation": [[-0.23337772488594052, -0.44256603717803955, 0.8658348917961122], [-0.9723862409591674, 0.10621813684701915, -0.20780485868453974], [7.450581483212908e-09, -0.8904228806495665, -0.4551339745521545]], "fy": 1111.1110311937682, "fx": 1111.1110311937682}, {"id": 10, "img_name": "r_10", "width": 800, "height": 800, "position": [-3.355159521102905, -2.0526268482208256, 0.8829650878906252], "rotation": [[0.5218667387962342, -0.1868442445993424, 0.8323126435279846], [-0.8530270457267763, -0.11430796235799792, 0.5091940164566041], [-7.450580601662951e-09, -0.9757166504859927, -0.2190366834402085]], "fy": 1111.1110311937682, "fx": 1111.1110311937682}, {"id": 11, "img_name": "r_11", "width": 800, "height": 800, "position": [0.5290739536285399, 2.357914447784424, 3.2265028953552233], "rotation": [[-0.975738763809204, 0.1752375513315201, -0.13124708831310272], [0.21893838047981265, 0.7809780836105348, -0.5849266052246094], [-7.450581523060367e-09, -0.5994703769683839, -0.8003968596458433]], "fy": 1111.1110311937682, "fx": 1111.1110311937682}, {"id": 12, "img_name": "r_12", "width": 800, "height": 800, "position": [-0.48754292726516724, 1.9911646842956545, 3.4709601402282715], "rotation": [[-0.9713073372840884, -0.20477895438671112, 0.12094451487064362], [-0.2378276586532593, 0.8363337516784667, -0.49394714832305914], [7.450580587609331e-09, -0.5085384249687195, -0.8610392212867737]], "fy": 1111.1110311937682, "fx": 1111.1110311937682}, {"id": 13, "img_name": "r_13", "width": 800, "height": 800, "position": [2.1348819732666016, -3.3444597721099845, 0.7119466662406919], "rotation": [[0.8429085016250611, 0.09502744674682617, -0.5295989513397217], [0.5380570292472838, -0.14886793494224546, 0.8296582698822023], [7.450582369889637e-09, -0.9842804074287413, -0.1766122132539749]], "fy": 1111.1110311937682, "fx": 1111.1110311937682}, {"id": 14, "img_name": "r_14", "width": 800, "height": 800, "position": [-1.958509802818298, 0.1245876550674438, 3.5211811065673824], "rotation": [[-0.06348517537117003, -0.8717355132102965, 0.4858465492725373], [-0.9979828596115112, 0.05545414239168165, -0.030906395986676213], [9.07332165676391e-18, -0.48682850599288935, -0.8734976053237915]], "fy": 1111.1110311937682, "fx": 1111.1110311937682}, {"id": 15, "img_name": "r_15", "width": 800, "height": 800, "position": [2.653816938400268, 2.505865573883057, 1.7111091613769536], "rotation": [[-0.6865485906600951, 0.30862814188003523, -0.6583309769630431], [0.7270838618278503, 0.2914219796657563, -0.6216287612915039], [1.2154405385038743e-17, -0.9054401516914367, -0.4244739413261414]], "fy": 1111.1110311937682, "fx": 1111.1110311937682}, {"id": 16, "img_name": "r_16", "width": 800, "height": 800, "position": [-3.1899499893188477, -0.41941213607788075, 2.42864441871643], "rotation": [[0.13035731017589566, -0.5973315834999083, 0.7913291454315184], [-0.9914670586585999, -0.07853669673204422, 0.10404333472251891], [7.450579700718549e-09, -0.7981396317481994, -0.6024724841117859]], "fy": 1111.1110311937682, "fx": 1111.1110311937682}, {"id": 17, "img_name": "r_17", "width": 800, "height": 800, "position": [3.7242627143859863, -1.1142032146453857, 1.0669672489166262], "rotation": [[0.2866219282150269, 0.25357696413993835, -0.923875868320465], [0.9580436348915101, -0.07586367428302764, 0.2763997912406922], [1.2821351957044133e-17, -0.9643357992172242, -0.26468199491500854]], "fy": 1111.1110311937682, "fx": 1111.1110311937682}, {"id": 18, "img_name": "r_18", "width": 800, "height": 800, "position": [0.9608983993530271, 0.09413626790046688, 3.913797616958617], "rotation": [[-0.09750017523765565, 0.9662679433822633, -0.23836953938007355], [0.9952355623245239, 0.09466230124235152, -0.02335233241319656], [-1.8626453693142162e-09, -0.23951061069965363, -0.9708936214447021]], "fy": 1111.1110311937682, "fx": 1111.1110311937682}, {"id": 19, "img_name": "r_19", "width": 800, "height": 800, "position": [3.1680095195770273, -2.172286987304687, 1.2226545810699463], "rotation": [[0.5655173063278197, 0.2501452565193177, -0.7858863472938539], [0.8247364163398743, -0.1715232580900192, 0.53887802362442], [2.181273101760883e-17, -0.9528940916061401, -0.30330324172973633]], "fy": 1111.1110311937682, "fx": 1111.1110311937682}, {"id": 20, "img_name": "r_20", "width": 800, "height": 800, "position": [1.9119539260864256, -2.987448692321777, 1.9156154394149785], "rotation": [[0.8422731161117554, 0.25616011023521423, -0.47429734468460083], [0.5390509963035583, -0.4002529382705689, 0.7410947680473325], [1.4901161211683546e-08, -0.8798747658729555, -0.4752056598663331]], "fy": 1111.1110311937682, "fx": 1111.1110311937682}, {"id": 21, "img_name": "r_21", "width": 800, "height": 800, "position": [-0.7987216114997864, -1.697179436683655, 3.5681405067443857], "rotation": [[0.9048085808753968, -0.3769117295742035, 0.19813843071460724], [-0.4258183538913727, -0.8008883595466614, 0.4210183620452881], [1.7316882504103988e-17, -0.46531215310096735, -0.8851466178894044]], "fy": 1111.1110311937682, "fx": 1111.1110311937682}, {"id": 22, "img_name": "r_22", "width": 800, "height": 800, "position": [2.8507351875305176, 1.4779094457626347, 2.437025308609009], "rotation": [[-0.4602559208869935, 0.5367125868797302, -0.707180321216583], [0.8877863287925721, 0.2782484292984009, -0.36662417650222784], [-0.0, -0.7965658903121948, -0.6045514941215515]], "fy": 1111.1110311937682, "fx": 1111.1110311937682}, {"id": 23, "img_name": "r_23", "width": 800, "height": 800, "position": [-2.8561718463897705, 1.5105533599853516, 2.4105000495910645], "rotation": [[-0.46751600503921514, -0.5285975337028503, 0.7085289359092711], [-0.8839846849441528, 0.27956119179725647, -0.3747221231460571], [-3.933126184607805e-17, -0.8015173077583313, -0.5979713797569275]], "fy": 1111.1110311937682, "fx": 1111.1110311937682}, {"id": 24, "img_name": "r_24", "width": 800, "height": 800, "position": [-2.1008365154266353, -2.5676472187042236, 2.289906740188599], "rotation": [[0.7739522457122802, -0.35971799492836, 0.5211533904075621], [-0.633243978023529, -0.439648151397705, 0.6369548439979554], [-4.023996295246427e-17, -0.8229899406433105, -0.5680559277534485]], "fy": 1111.1110311937682, "fx": 1111.1110311937682}, {"id": 25, "img_name": "r_25", "width": 800, "height": 800, "position": [3.6374092102050786, 0.5946717858314515, 1.6326723098754883], "rotation": [[-0.16134572029113772, 0.3997095823287964, -0.9023301005363465], [0.986897945404053, 0.06534761935472487, -0.14751990139484408], [3.7252902933679208e-09, -0.9143095612525939, -0.4050161242485046]], "fy": 1111.1110311937682, "fx": 1111.1110311937682}, {"id": 26, "img_name": "r_26", "width": 800, "height": 800, "position": [0.8770476579666139, 3.8690884113311768, 0.7148017883300779], "rotation": [[-0.9752575159072877, 0.03920060396194457, -0.21756872534751895], [0.22107206284999853, 0.1729331463575363, -0.9598026275634766], [3.725290748261621e-09, -0.984153091907501, -0.17732048034667966]], "fy": 1111.1110311937682, "fx": 1111.1110311937682}, {"id": 27, "img_name": "r_27", "width": 800, "height": 800, "position": [-0.42073559761047347, 2.998076677322387, 2.6616756916046143], "rotation": [[-0.9902960658073424, -0.09176140278577803, 0.10437164455652234], [-0.1389733552932739, 0.6538731455802917, -0.7437312006950378], [2.7249393660850566e-18, -0.751019060611725, -0.6602804064750671]], "fy": 1111.1110311937682, "fx": 1111.1110311937682}, {"id": 28, "img_name": "r_28", "width": 800, "height": 800, "position": [2.1117768287658687, -2.678037405014037, 2.1490728855133057], "rotation": [[0.7852338552474977, 0.33010709285736084, -0.52386736869812], [0.6191992759704591, -0.41862338781356817, 0.6643393039703368], [-1.490116118950207e-08, -0.8460399508476257, -0.5331193804740906]], "fy": 1111.1110311937682, "fx": 1111.1110311937682}, {"id": 29, "img_name": "r_29", "width": 800, "height": 800, "position": [-1.6116830110549927, -3.2011020183563232, 1.8453792333602907], "rotation": [[0.8931812047958374, -0.20586314797401425, 0.39980930089950556], [-0.4496966898441314, -0.4088824987411498, 0.7940956354141235], [4.009342959427041e-17, -0.8890643715858458, -0.4577822089195252]], "fy": 1111.1110311937682, "fx": 1111.1110311937682}, {"id": 30, "img_name": "r_30", "width": 800, "height": 800, "position": [1.7322875261306767, 0.5184860825538636, 3.602825641632081], "rotation": [[-0.28673890233039856, 0.8562213182449341, -0.42972761392593384], [0.9580087661743164, 0.2562731802463531, -0.12862055003643036], [-2.3764913920559936e-17, -0.44856342673301697, -0.8937509655952456]], "fy": 1111.1110311937682, "fx": 1111.1110311937682}, {"id": 31, "img_name": "r_31", "width": 800, "height": 800, "position": [-1.2971957921981812, 0.20353946089744562, 3.811280012130737], "rotation": [[-0.15501070022583008, -0.9340341687202453, 0.32179465889930725], [-0.9879127740859985, 0.1465567648410797, -0.05049192532896995], [-0.0, -0.3257317543029785, -0.945462167263031]], "fy": 1111.1110311937682, "fx": 1111.1110311937682}, {"id": 32, "img_name": "r_32", "width": 800, "height": 800, "position": [-3.939867734909058, -0.0002467483573127538, 0.8529018759727477], "rotation": [[6.262858369154856e-05, -0.21157889068126684, 0.9773608446121216], [-1.0, -1.3250886695459485e-05, 6.121072510723025e-05], [-0.0, -0.9773607850074767, -0.21157889068126676]], "fy": 1111.1110311937682, "fx": 1111.1110311937682}, {"id": 33, "img_name": "r_33", "width": 800, "height": 800, "position": [1.656148791313172, -1.8396297693252566, 3.181655883789064], "rotation": [[0.7431973218917847, 0.5280798077583314, -0.41083991527557384], [0.6690723896026612, -0.5865845680236816, 0.45635592937469477], [5.3700513182759184e-17, -0.6140441298484803, -0.7892715930938722]], "fy": 1111.1110311937682, "fx": 1111.1110311937682}, {"id": 34, "img_name": "r_34", "width": 800, "height": 800, "position": [-2.247554063796997, 2.600733995437622, 2.1058690547943115], "rotation": [[-0.7566120028495787, -0.34157976508140564, 0.5575495362281799], [-0.6538640856742859, 0.3952555060386657, -0.6451627016067505], [-2.870371299019468e-17, -0.8526995182037354, -0.5224018096923828]], "fy": 1111.1110311937682, "fx": 1111.1110311937682}, {"id": 35, "img_name": "r_35", "width": 800, "height": 800, "position": [-3.38369369506836, 1.4670655727386475, 1.6273707151412964], "rotation": [[-0.39778962731361384, -0.3703862130641938, 0.8393910527229309], [-0.9174765944480895, 0.16058807075023654, -0.36393412947654724], [-0.0, -0.914891004562378, -0.4037009477615357]], "fy": 1111.1110311937682, "fx": 1111.1110311937682}, {"id": 36, "img_name": "r_36", "width": 800, "height": 800, "position": [1.7566769123077395, -2.0910537242889404, 2.9650602340698233], "rotation": [[0.7656702995300293, 0.4731244146823883, -0.43577790260314947], [0.6432332396507264, -0.5631818175315858, 0.5187265872955322], [2.9802320650650434e-08, -0.6774803400039674, -0.7355409264564514]], "fy": 1111.1110311937682, "fx": 1111.1110311937682}, {"id": 37, "img_name": "r_37", "width": 800, "height": 800, "position": [0.8783321380615234, 0.45939537882804865, 3.9073634147644043], "rotation": [[-0.4634659588336944, 0.8589088916778564, -0.21788737177848816], [0.886114776134491, 0.44923639297485346, -0.11396195739507675], [-1.1919754203828917e-17, -0.24589067697525024, -0.969297468662262]], "fy": 1111.1110311937682, "fx": 1111.1110311937682}, {"id": 38, "img_name": "r_38", "width": 800, "height": 800, "position": [-2.10075044631958, 3.081249952316284, 1.5306031703948975], "rotation": [[-0.8262399435043334, -0.21388964354991913, 0.5211319923400879], [-0.5633181929588317, 0.31371998786926264, -0.7643639445304872], [1.4901159433976005e-08, -0.9251114130020142, -0.3796958923339844]], "fy": 1111.1110311937682, "fx": 1111.1110311937682}, {"id": 39, "img_name": "r_39", "width": 800, "height": 800, "position": [-0.13960279524326322, 1.6944570541381831, 3.655041217803954], "rotation": [[-0.9966232776641845, -0.07444921880960464, 0.034631188958883286], [-0.0821097195148468, 0.9036424160003662, -0.4203430414199829], [-3.1449997954673945e-18, -0.4217672646045685, -0.9067041277885436]], "fy": 1111.1110311937682, "fx": 1111.1110311937682}, {"id": 40, "img_name": "r_40", "width": 800, "height": 800, "position": [-3.3427348136901847, 1.6285674571990967, 1.5568854808807375], "rotation": [[-0.4379815459251404, -0.34720176458358776, 0.8292304277420044], [-0.8989839553833007, 0.16915537416934961, -0.4039978682994842], [-1.4901161224816524e-08, -0.922408401966095, -0.3862157464027405]], "fy": 1111.1110311937682, "fx": 1111.1110311937682}, {"id": 41, "img_name": "r_41", "width": 800, "height": 800, "position": [-0.4171065986156464, 3.9297399520874032, 0.7957176566123962], "rotation": [[-0.994414210319519, -0.02083449251949787, 0.10347140580415726], [-0.10554812848567965, 0.19629065692424774, -0.9748484492301941], [3.725289850951738e-09, -0.9803244471549987, -0.1973932385444641]], "fy": 1111.1110311937682, "fx": 1111.1110311937682}, {"id": 42, "img_name": "r_42", "width": 800, "height": 800, "position": [0.4743621945381164, 3.950008630752563, 0.6499325037002563], "rotation": [[-0.9928660988807677, 0.019224023446440693, -0.11767476797103882], [0.11923471093177795, 0.16007822751998904, -0.9798764586448669], [-1.6598637244079487e-18, -0.9869171380996705, -0.16122838854789734]], "fy": 1111.1110311937682, "fx": 1111.1110311937682}, {"id": 43, "img_name": "r_43", "width": 800, "height": 800, "position": [1.9496005773544318, -1.4704318046569824, 3.20731806755066], "rotation": [[0.6021551489830017, 0.635220468044281, -0.4836363494396211], [0.7983791828155518, -0.47909730672836304, 0.3647691905498504], [-1.4901162969526803e-08, -0.6057727932929992, -0.7956376075744629]], "fy": 1111.1110311937682, "fx": 1111.1110311937682}, {"id": 44, "img_name": "r_44", "width": 800, "height": 800, "position": [-1.8393374681472783, -1.0502654314041138, 3.429836750030517], "rotation": [[0.4958596825599671, -0.7388697266578675, 0.45628345012664806], [-0.8684027194976807, -0.42189612984657293, 0.260538786649704], [-0.0, -0.5254284143447876, -0.850837767124176]], "fy": 1111.1110311937682, "fx": 1111.1110311937682}, {"id": 45, "img_name": "r_45", "width": 800, "height": 800, "position": [-2.5892734527587886, 1.7476580142974856, 2.5478134155273438], "rotation": [[-0.5594504475593569, -0.5238707065582277, 0.6423196196556088], [-0.8288636207580569, 0.35359215736389166, -0.4335405528545381], [-3.565589966500098e-17, -0.7749400138854982, -0.6320346593856812]], "fy": 1111.1110311937682, "fx": 1111.1110311937682}, {"id": 46, "img_name": "r_46", "width": 800, "height": 800, "position": [0.007521961349993945, -2.8307116031646733, 2.8700201511383066], "rotation": [[0.9999964833259584, 0.0018918740097433329, -0.0018659689230844378], [0.0026572593487799168, -0.71196186542511, 0.7022131085395813], [4.162743054268412e-20, -0.702215611934662, -0.7119643688201904]], "fy": 1111.1110311937682, "fx": 1111.1110311937682}, {"id": 47, "img_name": "r_47", "width": 800, "height": 800, "position": [0.4215261042118073, 0.9678280353546146, 3.8904531002044687], "rotation": [[-0.9168165326118468, 0.3853738605976105, -0.1045677587389946], [0.39930868148803716, 0.8848220705986023, -0.24008858203887945], [-7.45058062496057e-09, -0.2618719637393952, -0.9651026129722595]], "fy": 1111.1110311937682, "fx": 1111.1110311937682}, {"id": 48, "img_name": "r_48", "width": 800, "height": 800, "position": [0.014908524230122568, -1.1474518775939944, 3.864341020584107], "rotation": [[0.9999156594276428, 0.012454097159206865, -0.0036983494646847244], [0.012991628609597683, -0.9585440158843994, 0.28464773297309875], [-4.092970641818346e-20, -0.2846718430519104, -0.9586249589920044]], "fy": 1111.1110311937682, "fx": 1111.1110311937682}, {"id": 49, "img_name": "r_49", "width": 800, "height": 800, "position": [1.4343017339706419, -0.5783282518386841, 3.722675800323486], "rotation": [[0.37395760416984564, 0.8564795851707458, -0.3558064699172974], [0.9274457693099974, -0.3453431725502014, 0.1434655785560608], [-0.0, -0.38364121317863464, -0.9234821796417235]], "fy": 1111.1110311937682, "fx": 1111.1110311937682}, {"id": 50, "img_name": "r_50", "width": 800, "height": 800, "position": [1.1368069648742676, 2.938887357711792, 2.5140824317932133], "rotation": [[-0.9326563477516174, 0.22499778866767886, -0.28200709819793707], [0.36076587438583374, 0.5816670060157777, -0.7290481925010682], [7.423573309267629e-18, -0.781690001487732, -0.6236670613288879]], "fy": 1111.1110311937682, "fx": 1111.1110311937682}, {"id": 51, "img_name": "r_51", "width": 800, "height": 800, "position": [-2.0656259059906006, 3.2936851978301998, 1.0652819871902464], "rotation": [[-0.8471797108650208, -0.14040516316890717, 0.5124186873435975], [-0.5313065052032473, 0.22387906908988947, -0.8170626759529113], [7.450580606074562e-09, -0.9644504189491272, -0.26426392793655396]], "fy": 1111.1110311937682, "fx": 1111.1110311937682}, {"id": 52, "img_name": "r_52", "width": 800, "height": 800, "position": [-3.002284049987792, -2.093584537506104, 1.689140319824219], "rotation": [[0.5719918608665466, -0.34370848536491383, 0.7447749376296996], [-0.8202592730522156, -0.23967842757701877, 0.5193543434143068], [-1.4901160320752829e-08, -0.907975137233734, -0.4190241098403931]], "fy": 1111.1110311937682, "fx": 1111.1110311937682}, {"id": 53, "img_name": "r_53", "width": 800, "height": 800, "position": [-3.886370897293091, -0.8260704278945922, 0.6809762716293335], "rotation": [[0.20791091024875644, -0.16523794829845426, 0.964089870452881], [-0.9781477451324463, -0.03512227535247802, 0.20492283999919889], [-0.0, -0.9856281876564026, -0.16892939805984497]], "fy": 1111.1110311937682, "fx": 1111.1110311937682}, {"id": 54, "img_name": "r_54", "width": 800, "height": 800, "position": [-3.327015399932861, 1.0489547252655027, 2.0200648307800293], "rotation": [[-0.3006929755210876, -0.47792530059814453, 0.8253308534622193], [-0.9537209868431091, 0.15068219602108, -0.2602136135101318], [7.450580564251935e-09, -0.8653798699378967, -0.5011163353919982]], "fy": 1111.1110311937682, "fx": 1111.1110311937682}, {"id": 55, "img_name": "r_55", "width": 800, "height": 800, "position": [1.4137231111526487, -3.671127080917358, 0.8798936009407041], "rotation": [[0.9331964850425719, 0.07844070345163344, -0.3507015109062195], [0.3593668341636657, -0.20369319617748258, 0.9106944799423218], [9.097495795400849e-18, -0.975887358188629, -0.21827472746372217]], "fy": 1111.1110311937682, "fx": 1111.1110311937682}, {"id": 56, "img_name": "r_56", "width": 800, "height": 800, "position": [-0.6229158639907837, 0.43254923820495617, 3.959151029586792], "rotation": [[-0.5703680515289309, -0.8067229390144349, 0.15452639758586884], [-0.8213893175125124, 0.5601838231086732, -0.10730224847793582], [-7.450581506949825e-09, -0.18812799453735354, -0.9821444153785706]], "fy": 1111.1110311937682, "fx": 1111.1110311937682}, {"id": 57, "img_name": "r_57", "width": 800, "height": 800, "position": [0.3399789631366731, 1.7784502506256106, 3.6016008853912362], "rotation": [[-0.9822137951850892, 0.16775877773761752, -0.08433839678764346], [0.18776571750640877, 0.8775562047958375, -0.4411792159080506], [-2.565499236572056e-17, -0.4491681754589081, -0.8934472203254701]], "fy": 1111.1110311937682, "fx": 1111.1110311937682}, {"id": 58, "img_name": "r_58", "width": 800, "height": 800, "position": [-2.315235137939453, 0.8177154660224913, 3.197034120559692], "rotation": [[-0.33302783966064453, -0.7478148937225342, 0.5743390917778015], [-0.9429169893264772, 0.2641199231147766, -0.20285022258758545], [1.490116119809974e-08, -0.6091088652610778, -0.7930864691734313]], "fy": 1111.1110311937682, "fx": 1111.1110311937682}, {"id": 59, "img_name": "r_59", "width": 800, "height": 800, "position": [3.168043851852418, 0.9299916028976442, 2.31270694732666], "rotation": [[-0.28166845440864563, 0.5504832863807677, -0.7858948707580566], [0.9595118761062621, 0.16159653663635254, -0.2307025045156479], [2.980232594381855e-08, -0.8190570473670958, -0.5737119317054747]], "fy": 1111.1110311937682, "fx": 1111.1110311937682}, {"id": 60, "img_name": "r_60", "width": 800, "height": 800, "position": [-2.7338404655456543, 2.835769176483153, 0.8570468425750732], "rotation": [[-0.7199268341064454, -0.14755998551845553, 0.6781823635101318], [-0.6940498948097229, 0.15306161344051358, -0.7034677267074586], [1.3052804677733817e-17, -0.9771378040313722, -0.21260714530944824]], "fy": 1111.1110311937682, "fx": 1111.1110311937682}, {"id": 61, "img_name": "r_61", "width": 800, "height": 800, "position": [-0.02086849138140679, 2.7213039398193364, 2.9738979339599614], "rotation": [[-0.9999705553054812, -0.0056571876630187035, 0.005176835693418981], [-0.007668337319046261, 0.7377116084098814, -0.675072431564331], [-4.6566125915128483e-10, -0.675092339515686, -0.7377332448959353]], "fy": 1111.1110311937682, "fx": 1111.1110311937682}, {"id": 62, "img_name": "r_62", "width": 800, "height": 800, "position": [-1.1724741458892822, 0.31767338514328003, 3.8437466621398926], "rotation": [[-0.2615139186382293, -0.9203336238861082, 0.2908549904823303], [-0.9651997685432434, 0.2493577599525452, -0.07880505919456482], [-0.0, -0.30134189128875727, -0.9535161256790161]], "fy": 1111.1110311937682, "fx": 1111.1110311937682}, {"id": 63, "img_name": "r_63", "width": 800, "height": 800, "position": [2.318311452865601, -3.021360397338867, 1.3216705322265627], "rotation": [[0.793360948562622, 0.19958899915218353, -0.575102210044861], [0.6087514758110046, -0.2601161599159241, 0.7495071887969972], [-3.2801742070299846e-17, -0.9447241425514221, -0.32786607742309576]], "fy": 1111.1110311937682, "fx": 1111.1110311937682}, {"id": 64, "img_name": "r_64", "width": 800, "height": 800, "position": [-0.8277195692062378, 3.8852376937866215, 0.6854256391525269], "rotation": [[-0.9780508875846862, -0.035429153591394424, 0.20533193647861478], [-0.20836611092090607, 0.16630110144615173, -0.9638087749481201], [7.879308739617941e-18, -0.9854384064674379, -0.17003315687179565]], "fy": 1111.1110311937682, "fx": 1111.1110311937682}, {"id": 65, "img_name": "r_65", "width": 800, "height": 800, "position": [0.7858693599700926, -3.8738713264465323, 0.7909042835235596], "rotation": [[0.9800372123718263, 0.03900722041726112, -0.19495017826557157], [0.19881436228752136, -0.19228252768516543, 0.9609891176223756], [2.4632975304183784e-19, -0.9805640578269958, -0.19619919359683993]], "fy": 1111.1110311937682, "fx": 1111.1110311937682}, {"id": 66, "img_name": "r_66", "width": 800, "height": 800, "position": [-1.683483362197876, 1.7009721994400027, 3.2438523769378667], "rotation": [[-0.7107511758804319, -0.5660614967346191, 0.41762080788612366], [-0.703443467617035, 0.5719420313835143, -0.4219592511653901], [-1.49011601701914e-08, -0.5936806797981262, -0.8047007322311404]], "fy": 1111.1110311937682, "fx": 1111.1110311937682}, {"id": 67, "img_name": "r_67", "width": 800, "height": 800, "position": [-0.019819926470518116, 3.505112648010254, 1.9909278154373173], "rotation": [[-0.9999840259552003, -0.0027926845941692595, 0.004916718695312738], [-0.005654485896229745, 0.4938804805278778, -0.8695114254951478], [-2.3283064362475422e-10, -0.8695253133773804, -0.493888407945633]], "fy": 1111.1110311937682, "fx": 1111.1110311937682}, {"id": 68, "img_name": "r_68", "width": 800, "height": 800, "position": [2.936947584152221, -1.7953004837036133, 2.0979118347167973], "rotation": [[0.5215556025505066, 0.4440380930900573, -0.7285671234130859], [0.8532173037528992, -0.27143207192420954, 0.4453592896461487], [4.044359847398769e-17, -0.8539056777954102, -0.520427942276001]], "fy": 1111.1110311937682, "fx": 1111.1110311937682}, {"id": 69, "img_name": "r_69", "width": 800, "height": 800, "position": [-3.8721756935119633, -0.9257913231849672, 0.6317951679229737], "rotation": [[0.23253430426120758, -0.15243285894393924, 0.9605684876441957], [-0.9725881814956666, -0.03644489124417306, 0.2296605408191681], [-6.6652834597304256e-18, -0.9876416325569153, -0.1567290723323822]], "fy": 1111.1110311937682, "fx": 1111.1110311937682}, {"id": 70, "img_name": "r_70", "width": 800, "height": 800, "position": [1.0423099994659424, -3.6946234703063965, 1.2301819324493408], "rotation": [[0.9624335765838622, 0.0828590914607048, -0.2585652470588684], [0.271517276763916, -0.29370641708374023, 0.9165232181549073], [7.450580604161101e-09, -0.9522977471351622, -0.30517053604125977]], "fy": 1111.1110311937682, "fx": 1111.1110311937682}, {"id": 71, "img_name": "r_71", "width": 800, "height": 800, "position": [-0.9127683639526367, -2.819886684417724, 2.7322323322296147], "rotation": [[0.9513999223709108, -0.20872908830642703, 0.22642995417118075], [-0.3079583644866944, -0.6448431015014648, 0.6995278000831604], [4.995903750914965e-18, -0.7352616190910339, -0.6777834296226501]], "fy": 1111.1110311937682, "fx": 1111.1110311937682}, {"id": 72, "img_name": "r_72", "width": 800, "height": 800, "position": [3.574975490570069, -1.2388260364532468, 1.3909926414489746], "rotation": [[0.327425479888916, 0.32604190707206726, -0.8868421912193298], [0.9448769688606262, -0.1129823625087738, 0.3073148727416992], [7.450580592097164e-09, -0.938579559326172, -0.3450627624988556]], "fy": 1111.1110311937682, "fx": 1111.1110311937682}, {"id": 73, "img_name": "r_73", "width": 800, "height": 800, "position": [2.5896217823028564, -2.195318460464477, 2.1735765933990487], "rotation": [[0.6466457843780518, 0.4112951159477234, -0.6424060463905333], [0.7627904415130613, -0.3486701548099518, 0.5445914268493651], [-1.4901161129466143e-08, -0.842179000377655, -0.5391979217529297]], "fy": 1111.1110311937682, "fx": 1111.1110311937682}, {"id": 74, "img_name": "r_74", "width": 800, "height": 800, "position": [2.546081066131592, 2.6662297248840336, 1.6305487155914309], "rotation": [[-0.7232142090797423, 0.2793499827384949, -0.6316049695014951], [0.6906238794326782, 0.2925324141979218, -0.6614102125167847], [-1.490116119567609e-08, -0.9145427346229554, -0.4044893682003022]], "fy": 1111.1110311937682, "fx": 1111.1110311937682}, {"id": 75, "img_name": "r_75", "width": 800, "height": 800, "position": [-0.7928509712219239, 3.892266273498536, 0.6867690086364747], "rotation": [[-0.9798775315284729, -0.034005157649517066, 0.19668211042881012], [-0.19960013031959534, 0.16693821549415594, -0.9655523896217347], [3.725290735930593e-09, -0.9853807687759399, -0.17036642134189608]], "fy": 1111.1110311937682, "fx": 1111.1110311937682}, {"id": 76, "img_name": "r_76", "width": 800, "height": 800, "position": [-0.24601672589778897, -3.7019326686859126, 1.576442003250122], "rotation": [[0.9977991580963134, -0.02593167126178742, 0.061029236763715744], [-0.06631003320217133, -0.39020639657974254, 0.9183364510536195], [1.0055099587849606e-18, -0.9203621149063111, -0.39106711745262146]], "fy": 1111.1110311937682, "fx": 1111.1110311937682}, {"id": 77, "img_name": "r_77", "width": 800, "height": 800, "position": [1.6490324735641486, 0.5256894826889038, 3.640651226043702], "rotation": [[-0.3037268519401551, 0.8604696989059449, -0.4090746641159058], [0.952759087085724, 0.2743062078952789, -0.13040752708911893], [-7.450579264133741e-09, -0.42935785651206976, -0.9031345248222351]], "fy": 1111.1110311937682, "fx": 1111.1110311937682}, {"id": 78, "img_name": "r_78", "width": 800, "height": 800, "position": [-2.9048230648040785, 2.616820335388183, 0.9819653034210206], "rotation": [[-0.6693150401115416, -0.18098634481430056, 0.7205979228019714], [-0.7429786920547484, 0.16304218769073486, -0.6491532325744628], [7.450580181816095e-09, -0.9698768854141236, -0.24359561502933508]], "fy": 1111.1110311937682, "fx": 1111.1110311937682}, {"id": 79, "img_name": "r_79", "width": 800, "height": 800, "position": [0.07294226437807082, 1.9539530277252197, 3.525159120559692], "rotation": [[-0.999303877353668, 0.03262231498956679, -0.018094748258590695], [0.037304628640413284, 0.8738756775856018, -0.4847160875797272], [-4.168775995229287e-18, -0.4850537478923798, -0.874484360218048]], "fy": 1111.1110311937682, "fx": 1111.1110311937682}, {"id": 80, "img_name": "r_80", "width": 800, "height": 800, "position": [2.52870512008667, -1.0778245925903318, 2.9485495090484615], "rotation": [[0.3921033442020417, 0.6728718876838683, -0.6272944808006287], [0.9199212193489074, -0.2868020832538604, 0.2673753499984741], [-7.470377534392672e-17, -0.6819003224372864, -0.7314450144767763]], "fy": 1111.1110311937682, "fx": 1111.1110311937682}, {"id": 81, "img_name": "r_81", "width": 800, "height": 800, "position": [-1.7133750915527342, 3.4221262931823726, 1.2662529945373533], "rotation": [[-0.8941853642463685, -0.14062994718551636, 0.4250360429286957], [-0.44769677519798273, 0.28088042140007013, -0.8489250540733336], [-1.4901160312007336e-08, -0.9493837356567381, -0.3141187131404876]], "fy": 1111.1110311937682, "fx": 1111.1110311937682}, {"id": 82, "img_name": "r_82", "width": 800, "height": 800, "position": [-0.4118720591068268, 1.2020422220230105, 3.825631380081177], "rotation": [[-0.9460079073905944, -0.3076194524765014, 0.10217288136482239], [-0.32414352893829346, 0.8977826833724974, -0.2981899678707123], [-7.450580591875672e-09, -0.31520867347717285, -0.9490223526954651]], "fy": 1111.1110311937682, "fx": 1111.1110311937682}, {"id": 83, "img_name": "r_83", "width": 800, "height": 800, "position": [-3.530200481414796, 0.17131963372230527, 1.9386422634124754], "rotation": [[-0.048472680151462555, -0.4803526401519776, 0.8757349252700805], [-0.9988245964050294, 0.023311378434300423, -0.04249916970729827], [-3.038316318464897e-18, -0.8767656087875367, -0.48091796040534973]], "fy": 1111.1110311937682, "fx": 1111.1110311937682}, {"id": 84, "img_name": "r_84", "width": 800, "height": 800, "position": [0.692101001739502, -2.587653875350952, 3.0124814510345455], "rotation": [[0.9660431146621703, 0.19308900833129888, -0.17168912291526794], [0.25838056206703186, -0.7219285964965821, 0.6419178843498229], [-1.793539129385475e-17, -0.6644815802574155, -0.7473046779632567]], "fy": 1111.1110311937682, "fx": 1111.1110311937682}, {"id": 85, "img_name": "r_85", "width": 800, "height": 800, "position": [-3.9339594841003427, 0.5637863874435425, 0.6753571033477782], "rotation": [[-0.14186327159404755, -0.16584104299545285, 0.9758952260017396], [-0.989886224269867, 0.02376713044941425, -0.1398581862449646], [-1.8626450404758832e-09, -0.9858660101890563, -0.16753546893596646]], "fy": 1111.1110311937682, "fx": 1111.1110311937682}, {"id": 86, "img_name": "r_86", "width": 800, "height": 800, "position": [1.1644508838653567, -1.5312353372573857, 3.5425093173980713], "rotation": [[0.7959837317466736, 0.5319463610649109, -0.28886470198631287], [0.6053178310394287, -0.6995013952255248, 0.37985274195671087], [1.4901159426831891e-08, -0.4772116243839265, -0.8787884116172792]], "fy": 1111.1110311937682, "fx": 1111.1110311937682}, {"id": 87, "img_name": "r_87", "width": 800, "height": 800, "position": [-2.0406837463378906, -1.0129939317703247, 3.325575590133667], "rotation": [[0.44463157653808594, -0.7389402389526367, 0.5062312483787537], [-0.8957135677337645, -0.3668093979358673, 0.2512928247451783], [-0.0, -0.5651710033416748, -0.8249737024307251]], "fy": 1111.1110311937682, "fx": 1111.1110311937682}, {"id": 88, "img_name": "r_88", "width": 800, "height": 800, "position": [-0.004548523575067521, 0.06945148110389712, 4.030528068542481], "rotation": [[-0.9978623390197754, -0.06534235179424287, 0.0011283498024567962], [-0.06535211205482482, 0.9977134466171266, -0.017228791490197185], [1.1641533568991627e-10, -0.01726444624364376, -0.9998509287834169]], "fy": 1111.1110311937682, "fx": 1111.1110311937682}, {"id": 89, "img_name": "r_89", "width": 800, "height": 800, "position": [-0.35966226458549494, -3.92711853981018, 0.8356927633285524], "rotation": [[0.9958323836326598, -0.018907191231846802, 0.0892212241888046], [-0.09120257198810575, -0.20644587278366083, 0.9741982221603391], [1.8626451486448073e-09, -0.9782753586769103, -0.20730985701084134]], "fy": 1111.1110311937682, "fx": 1111.1110311937682}, {"id": 90, "img_name": "r_90", "width": 800, "height": 800, "position": [-3.436625480651855, -0.29104837775230413, 2.086838722229004], "rotation": [[0.08438806980848314, -0.515834391117096, 0.8525218367576601], [-0.996432960033417, -0.04368609935045242, 0.07220021635293962], [5.915558655062161e-18, -0.8555737137794495, -0.5176809430122374]], "fy": 1111.1110311937682, "fx": 1111.1110311937682}, {"id": 91, "img_name": "r_91", "width": 800, "height": 800, "position": [0.21033930778503415, -1.1386629343032837, 3.861243963241577], "rotation": [[0.9833629727363585, 0.173996165394783, -0.05217875912785529], [0.18165154755115506, -0.9419208168983457, 0.2824675142765045], [7.4505801424193986e-09, -0.2872464954853058, -0.9578567147254944]], "fy": 1111.1110311937682, "fx": 1111.1110311937682}, {"id": 92, "img_name": "r_92", "width": 800, "height": 800, "position": [-1.3956377506256106, -2.2291290760040283, 3.0550253391265874], "rotation": [[0.8475823402404785, -0.4021680355072021, 0.3462150990962983], [-0.5306636691093446, -0.6423475742340088, 0.5529788732528688], [-4.079488899065955e-17, -0.6524189114570619, -0.7578585147857666]], "fy": 1111.1110311937682, "fx": 1111.1110311937682}, {"id": 93, "img_name": "r_93", "width": 800, "height": 800, "position": [-1.858481645584107, -1.0084656476974487, 3.432060956954956], "rotation": [[0.47693684697151184, -0.7483182549476625, 0.4610324800014496], [-0.8789376616477967, -0.4060590267181396, 0.25016951560974116], [-1.490116301770169e-08, -0.5245338678359985, -0.8513894081115723]], "fy": 1111.1110311937682, "fx": 1111.1110311937682}, {"id": 94, "img_name": "r_94", "width": 800, "height": 800, "position": [-2.961758852005005, 1.6074209213256838, 2.212280035018921], "rotation": [[-0.47700220346450806, -0.4823406934738159, 0.7347218990325927], [-0.8789020776748657, 0.2617783844470978, -0.39875200390815735], [1.4901161219156283e-08, -0.8359542489051819, -0.5487990379333496]], "fy": 1111.1110311937682, "fx": 1111.1110311937682}, {"id": 95, "img_name": "r_95", "width": 800, "height": 800, "position": [3.5639960765838623, -1.8133324384689333, 0.5096641182899475], "rotation": [[0.4534713923931122, 0.11268524080514908, -0.8841186165809631], [0.8912708163261414, -0.0573333390057087, 0.4498324096202851], [6.134804718474412e-18, -0.9919751882553101, -0.12643210589885712]], "fy": 1111.1110311937682, "fx": 1111.1110311937682}, {"id": 96, "img_name": "r_96", "width": 800, "height": 800, "position": [-3.008035659790039, 1.8056513071060178, 1.9852819442749026], "rotation": [[-0.5146697163581847, -0.4222534596920014, 0.746201753616333], [-0.8573886156082152, 0.2534685730934143, -0.44792693853378296], [4.142252744931621e-17, -0.8703193664550782, -0.4924877882003785]], "fy": 1111.1110311937682, "fx": 1111.1110311937682}, {"id": 97, "img_name": "r_97", "width": 800, "height": 800, "position": [-3.496957063674926, 0.2992467284202575, 1.982862114906311], "rotation": [[-0.08526185154914855, -0.49009639024734497, 0.8674882650375366], [-0.9963586330413818, 0.04193924367427825, -0.0742339789867401], [-6.019409743420185e-18, -0.8706587553024292, -0.4918875396251678]], "fy": 1111.1110311937682, "fx": 1111.1110311937682}, {"id": 98, "img_name": "r_98", "width": 800, "height": 800, "position": [-0.3104634881019593, -3.7312154769897465, 1.4938690662384035], "rotation": [[0.9965562224388123, -0.03072895109653473, 0.07701651006937027], [-0.08292051404714584, -0.36930701136589045, 0.9256006479263305], [-7.249370962801975e-19, -0.9287990927696228, -0.37058329582214355]], "fy": 1111.1110311937682, "fx": 1111.1110311937682}, {"id": 99, "img_name": "r_99", "width": 800, "height": 800, "position": [2.1031012535095215, -1.032314419746399, 3.2804408073425293], "rotation": [[0.4406329095363617, 0.7305175662040708, -0.5217151641845702], [0.8976874351501466, -0.3585770428180695, 0.25608566403388977], [-1.4901161215362568e-08, -0.5811769366264342, -0.8137771487236023]], "fy": 1111.1110311937682, "fx": 1111.1110311937682}]